300
0.00000   4.34680e+03
0.00435   4.33364e+03
0.00870   4.30129e+03
0.01304   4.27972e+03
0.01739   4.25672e+03
0.02174   4.23482e+03
0.02609   4.21372e+03
0.03043   4.19292e+03
0.03478   4.17217e+03
0.03913   4.15096e+03
0.04348   4.13019e+03
0.04783   4.10925e+03
0.05217   4.08880e+03
0.05652   4.06844e+03
0.06087   4.04820e+03
0.06522   4.02808e+03
0.06957   4.00806e+03
0.07391   3.98826e+03
0.07826   3.96863e+03
0.08261   3.94908e+03
0.08696   3.92961e+03
0.09130   3.91025e+03
0.09565   3.89101e+03
0.10000   3.87205e+03
0.10435   3.85307e+03
0.10870   3.83420e+03
0.11304   3.81546e+03
0.11739   3.79673e+03
0.12174   3.77821e+03
0.12609   3.75979e+03
0.13043   3.74145e+03
0.13478   3.72319e+03
0.13913   3.70505e+03
0.14348   3.68695e+03
0.14783   3.66892e+03
0.15217   3.65106e+03
0.15652   3.63331e+03
0.16087   3.61562e+03
0.16522   3.59797e+03
0.16957   3.58040e+03
0.17391   3.56294e+03
0.17826   3.54556e+03
0.18261   3.52826e+03
0.18696   3.51106e+03
0.19130   3.49393e+03
0.19565   3.47686e+03
0.20000   3.45987e+03
0.20435   3.44297e+03
0.20870   3.42613e+03
0.21304   3.40935e+03
0.21739   3.39266e+03
0.22174   3.37607e+03
0.22609   3.35954e+03
0.23043   3.34307e+03
0.23478   3.32668e+03
0.23913   3.31034e+03
0.24348   3.29405e+03
0.24783   3.27786e+03
0.25217   3.26176e+03
0.25652   3.24572e+03
0.26087   3.22975e+03
0.26522   3.21383e+03
0.26957   3.19797e+03
0.27391   3.18218e+03
0.27826   3.16646e+03
0.28261   3.15079e+03
0.28696   3.13521e+03
0.29130   3.11971e+03
0.29565   3.10426e+03
0.30000   3.08887e+03
0.30435   3.07355e+03
0.30870   3.05827e+03
0.31304   3.04307e+03
0.31739   3.02794e+03
0.32174   3.01286e+03
0.32609   2.99787e+03
0.33043   2.98294e+03
0.33478   2.96804e+03
0.33913   2.95323e+03
0.34348   2.93848e+03
0.34783   2.92377e+03
0.35217   2.90915e+03
0.35652   2.89459e+03
0.36087   2.88007e+03
0.36522   2.86565e+03
0.36957   2.85128e+03
0.37391   2.83694e+03
0.37826   2.82270e+03
0.38261   2.80851e+03
0.38696   2.79437e+03
0.39130   2.78032e+03
0.39565   2.76631e+03
0.40000   2.75237e+03
0.40435   2.73850e+03
0.40870   2.72468e+03
0.41304   2.71092e+03
0.41739   2.69724e+03
0.42174   2.68360e+03
0.42609   2.67004e+03
0.43043   2.65654e+03
0.43478   2.64309e+03
0.43913   2.62972e+03
0.44348   2.61641e+03
0.44783   2.60315e+03
0.45217   2.58998e+03
0.45652   2.57686e+03
0.46087   2.56379e+03
0.46522   2.55081e+03
0.46957   2.53787e+03
0.47391   2.52499e+03
0.47826   2.51220e+03
0.48261   2.49946e+03
0.48696   2.48678e+03
0.49130   2.47419e+03
0.49565   2.46164e+03
0.50000   2.44916e+03
0.50435   2.43676e+03
0.50870   2.42440e+03
0.51304   2.41212e+03
0.51739   2.39992e+03
0.52174   2.38777e+03
0.52609   2.37569e+03
0.53043   2.36368e+03
0.53478   2.35173e+03
0.53913   2.33985e+03
0.54348   2.32805e+03
0.54783   2.31631e+03
0.55217   2.30463e+03
0.55652   2.29304e+03
0.56087   2.28150e+03
0.56522   2.27002e+03
0.56957   2.25865e+03
0.57391   2.24732e+03
0.57826   2.23606e+03
0.58261   2.22490e+03
0.58696   2.21379e+03
0.59130   2.20274e+03
0.59565   2.19178e+03
0.60000   2.18089e+03
0.60435   2.17006e+03
0.60870   2.15933e+03
0.61304   2.14867e+03
0.61739   2.13807e+03
0.62174   2.12754e+03
0.62609   2.11710e+03
0.63043   2.10673e+03
0.63478   2.09643e+03
0.63913   2.08624e+03
0.64348   2.07611e+03
0.64783   2.06604e+03
0.65217   2.05606e+03
0.65652   2.04617e+03
0.66087   2.03635e+03
0.66522   2.02661e+03
0.66957   2.01697e+03
0.67391   2.00741e+03
0.67826   1.99791e+03
0.68261   1.98849e+03
0.68696   1.97920e+03
0.69130   1.96997e+03
0.69565   1.96082e+03
0.70000   1.95175e+03
0.70435   1.94279e+03
0.70870   1.93392e+03
0.71304   1.92512e+03
0.71739   1.91642e+03
0.72174   1.90781e+03
0.72609   1.89930e+03
0.73043   1.89088e+03
0.73478   1.88255e+03
0.73913   1.87431e+03
0.74348   1.86618e+03
0.74783   1.85814e+03
0.75217   1.85019e+03
0.75652   1.84233e+03
0.76087   1.83459e+03
0.76522   1.82694e+03
0.76957   1.81939e+03
0.77391   1.81193e+03
0.77826   1.80455e+03
0.78261   1.79729e+03
0.78696   1.79013e+03
0.79130   1.78305e+03
0.79565   1.77605e+03
0.80000   1.76914e+03
0.80435   1.76232e+03
0.80870   1.75556e+03
0.81304   1.74888e+03
0.81739   1.74225e+03
0.82174   1.73567e+03
0.82609   1.72911e+03
0.83043   1.72257e+03
0.83478   1.71603e+03
0.83913   1.70944e+03
0.84348   1.70279e+03
0.84783   1.69603e+03
0.85217   1.68910e+03
0.85652   1.68197e+03
0.86087   1.67456e+03
0.86522   1.66677e+03
0.86957   1.65853e+03
0.87391   1.64968e+03
0.87826   1.64000e+03
0.88261   1.62940e+03
0.88696   1.61759e+03
0.89130   1.60434e+03
0.89565   1.58934e+03
0.90000   1.57219e+03
0.90435   1.55249e+03
0.90870   1.52967e+03
0.91304   1.50318e+03
0.91739   1.47235e+03
0.92174   1.43645e+03
0.92609   1.39476e+03
0.93043   1.34647e+03
0.93478   1.29093e+03
0.93913   1.22750e+03
0.94348   1.15591e+03
0.94783   1.07605e+03
0.95217   9.88405e+02
0.95652   8.93958e+02
0.96087   7.94435e+02
0.96522   6.92164e+02
0.96957   5.89977e+02
0.97391   4.91132e+02
0.97826   3.98582e+02
0.98261   3.18126e+02
0.98696   2.53467e+02
0.99130   2.02376e+02
0.99565   1.62006e+02
1.00000   1.30108e+02
1.00435   1.04904e+02
1.00870   8.49883e+01
1.01304   6.92522e+01
1.01739   5.68183e+01
1.02174   4.69936e+01
1.02609   3.92306e+01
1.03043   3.30966e+01
1.03478   2.82498e+01
1.03913   2.44202e+01
1.04348   2.13941e+01
1.04783   1.90031e+01
1.05217   1.71138e+01
1.05652   1.56210e+01
1.06087   1.44414e+01
1.06522   1.35094e+01
1.06957   1.27730e+01
1.07391   1.21911e+01
1.07826   1.17313e+01
1.08261   1.13680e+01
1.08696   1.10809e+01
1.09130   1.08541e+01
1.09565   1.06749e+01
1.10000   1.05332e+01
1.10435   1.04213e+01
1.10870   1.03329e+01
1.11304   1.02631e+01
1.11739   1.02079e+01
1.12174   1.01642e+01
1.12609   1.01298e+01
1.13043   1.01025e+01
1.13478   1.00810e+01
1.13913   1.00640e+01
1.14348   1.00506e+01
1.14783   1.00400e+01
1.15217   1.00316e+01
1.15652   1.00250e+01
1.16087   1.00197e+01
1.16522   1.00156e+01
1.16957   1.00123e+01
1.17391   1.00097e+01
1.17826   1.00077e+01
1.18261   1.00061e+01
1.18696   1.00048e+01
1.19130   1.00038e+01
1.19565   1.00030e+01
1.20000   1.00024e+01
1.20435   1.00019e+01
1.20870   1.00015e+01
1.21304   1.00012e+01
1.21739   1.00009e+01
1.22174   1.00007e+01
1.22609   1.00006e+01
1.23043   1.00005e+01
1.23478   1.00004e+01
1.23913   1.00003e+01
1.24348   1.00002e+01
1.24783   1.00002e+01
1.25217   1.00001e+01
1.25652   1.00001e+01
1.26087   1.00001e+01
1.26522   1.00001e+01
1.26957   1.00001e+01
1.27391   1.00000e+01
1.27826   1.00000e+01
1.28261   1.00000e+01
1.28696   1.00000e+01
1.29130   1.00000e+01
1.29565   1.00000e+01
1.30000   1.00000e+01
