300
0.00000   7.14684e+03
0.00435   7.06821e+03
0.00870   6.88770e+03
0.01304   6.77387e+03
0.01739   6.65735e+03
0.02174   6.55027e+03
0.02609   6.45032e+03
0.03043   6.35490e+03
0.03478   6.26224e+03
0.03913   6.17016e+03
0.04348   6.08224e+03
0.04783   5.99610e+03
0.05217   5.91393e+03
0.05652   5.83402e+03
0.06087   5.75642e+03
0.06522   5.68117e+03
0.06957   5.60789e+03
0.07391   5.53699e+03
0.07826   5.46814e+03
0.08261   5.40098e+03
0.08696   5.33547e+03
0.09130   5.27162e+03
0.09565   5.20938e+03
0.10000   5.14921e+03
0.10435   5.09013e+03
0.10870   5.03245e+03
0.11304   4.97620e+03
0.11739   4.92106e+03
0.12174   4.86754e+03
0.12609   4.81523e+03
0.13043   4.76400e+03
0.13478   4.71386e+03
0.13913   4.66481e+03
0.14348   4.61671e+03
0.14783   4.56969e+03
0.15217   4.52385e+03
0.15652   4.47895e+03
0.16087   4.43485e+03
0.16522   4.39158e+03
0.16957   4.34928e+03
0.17391   4.30780e+03
0.17826   4.26710e+03
0.18261   4.22714e+03
0.18696   4.18818e+03
0.19130   4.14986e+03
0.19565   4.11217e+03
0.20000   4.07519e+03
0.20435   4.03904e+03
0.20870   4.00344e+03
0.21304   3.96840e+03
0.21739   3.93413e+03
0.22174   3.90053e+03
0.22609   3.86743e+03
0.23043   3.83487e+03
0.23478   3.80301e+03
0.23913   3.77159e+03
0.24348   3.74060e+03
0.24783   3.71035e+03
0.25217   3.68056e+03
0.25652   3.65121e+03
0.26087   3.62243e+03
0.26522   3.59410e+03
0.26957   3.56612e+03
0.27391   3.53869e+03
0.27826   3.51170e+03
0.28261   3.48505e+03
0.28696   3.45891e+03
0.29130   3.43323e+03
0.29565   3.40785e+03
0.30000   3.38290e+03
0.30435   3.35836e+03
0.30870   3.33409e+03
0.31304   3.31026e+03
0.31739   3.28681e+03
0.32174   3.26362e+03
0.32609   3.24087e+03
0.33043   3.21845e+03
0.33478   3.19625e+03
0.33913   3.17447e+03
0.34348   3.15297e+03
0.34783   3.13170e+03
0.35217   3.11085e+03
0.35652   3.09024e+03
0.36087   3.06983e+03
0.36522   3.04985e+03
0.36957   3.03006e+03
0.37391   3.01048e+03
0.37826   2.99128e+03
0.38261   2.97225e+03
0.38696   2.95346e+03
0.39130   2.93499e+03
0.39565   2.91669e+03
0.40000   2.89862e+03
0.40435   2.88083e+03
0.40870   2.86319e+03
0.41304   2.84580e+03
0.41739   2.82864e+03
0.42174   2.81163e+03
0.42609   2.79488e+03
0.43043   2.77831e+03
0.43478   2.76188e+03
0.43913   2.74571e+03
0.44348   2.72970e+03
0.44783   2.71382e+03
0.45217   2.69820e+03
0.45652   2.68270e+03
0.46087   2.66734e+03
0.46522   2.65220e+03
0.46957   2.63718e+03
0.47391   2.62229e+03
0.47826   2.60761e+03
0.48261   2.59304e+03
0.48696   2.57860e+03
0.49130   2.56434e+03
0.49565   2.55018e+03
0.50000   2.53616e+03
0.50435   2.52228e+03
0.50870   2.50850e+03
0.51304   2.49485e+03
0.51739   2.48134e+03
0.52174   2.46792e+03
0.52609   2.45461e+03
0.53043   2.44142e+03
0.53478   2.42832e+03
0.53913   2.41533e+03
0.54348   2.40245e+03
0.54783   2.38964e+03
0.55217   2.37694e+03
0.55652   2.36433e+03
0.56087   2.35180e+03
0.56522   2.33934e+03
0.56957   2.32700e+03
0.57391   2.31472e+03
0.57826   2.30251e+03
0.58261   2.29040e+03
0.58696   2.27834e+03
0.59130   2.26633e+03
0.59565   2.25442e+03
0.60000   2.24256e+03
0.60435   2.23077e+03
0.60870   2.21905e+03
0.61304   2.20739e+03
0.61739   2.19577e+03
0.62174   2.18421e+03
0.62609   2.17272e+03
0.63043   2.16127e+03
0.63478   2.14986e+03
0.63913   2.13855e+03
0.64348   2.12726e+03
0.64783   2.11599e+03
0.65217   2.10479e+03
0.65652   2.09365e+03
0.66087   2.08254e+03
0.66522   2.07148e+03
0.66957   2.06048e+03
0.67391   2.04952e+03
0.67826   2.03859e+03
0.68261   2.02770e+03
0.68696   2.01689e+03
0.69130   2.00611e+03
0.69565   1.99537e+03
0.70000   1.98468e+03
0.70435   1.97405e+03
0.70870   1.96347e+03
0.71304   1.95294e+03
0.71739   1.94247e+03
0.72174   1.93205e+03
0.72609   1.92169e+03
0.73043   1.91140e+03
0.73478   1.90118e+03
0.73913   1.89101e+03
0.74348   1.88092e+03
0.74783   1.87092e+03
0.75217   1.86099e+03
0.75652   1.85114e+03
0.76087   1.84140e+03
0.76522   1.83176e+03
0.76957   1.82223e+03
0.77391   1.81280e+03
0.77826   1.80346e+03
0.78261   1.79429e+03
0.78696   1.78527e+03
0.79130   1.77637e+03
0.79565   1.76762e+03
0.80000   1.75903e+03
0.80435   1.75064e+03
0.80870   1.74244e+03
0.81304   1.73445e+03
0.81739   1.72667e+03
0.82174   1.71912e+03
0.82609   1.71180e+03
0.83043   1.70475e+03
0.83478   1.69801e+03
0.83913   1.69158e+03
0.84348   1.68548e+03
0.84783   1.67972e+03
0.85217   1.67432e+03
0.85652   1.66931e+03
0.86087   1.66472e+03
0.86522   1.66055e+03
0.86957   1.65686e+03
0.87391   1.65366e+03
0.87826   1.65100e+03
0.88261   1.64888e+03
0.88696   1.64728e+03
0.89130   1.64622e+03
0.89565   1.64567e+03
0.90000   1.64557e+03
0.90435   1.64585e+03
0.90870   1.64634e+03
0.91304   1.64680e+03
0.91739   1.64686e+03
0.92174   1.64598e+03
0.92609   1.64333e+03
0.93043   1.63778e+03
0.93478   1.62773e+03
0.93913   1.61100e+03
0.94348   1.58480e+03
0.94783   1.54569e+03
0.95217   1.48986e+03
0.95652   1.41364e+03
0.96087   1.31474e+03
0.96522   1.19353e+03
0.96957   1.05433e+03
0.97391   9.05858e+02
0.97826   7.59128e+02
0.98261   6.29446e+02
0.98696   5.21202e+02
0.99130   4.31873e+02
0.99565   3.58154e+02
1.00000   2.97316e+02
1.00435   2.47110e+02
1.00870   2.05676e+02
1.01304   1.71483e+02
1.01739   1.43265e+02
1.02174   1.19978e+02
1.02609   1.00760e+02
1.03043   8.49005e+01
1.03478   7.18121e+01
1.03913   6.10109e+01
1.04348   5.20971e+01
1.04783   4.47409e+01
1.05217   3.86702e+01
1.05652   3.36603e+01
1.06087   2.95258e+01
1.06522   2.61138e+01
1.06957   2.32980e+01
1.07391   2.09743e+01
1.07826   1.90566e+01
1.08261   1.74740e+01
1.08696   1.61680e+01
1.09130   1.50902e+01
1.09565   1.42007e+01
1.10000   1.34667e+01
1.10435   1.28609e+01
1.10870   1.23610e+01
1.11304   1.19484e+01
1.11739   1.16079e+01
1.12174   1.13270e+01
1.12609   1.10951e+01
1.13043   1.09037e+01
1.13478   1.07458e+01
1.13913   1.06155e+01
1.14348   1.05079e+01
1.14783   1.04192e+01
1.15217   1.03459e+01
1.15652   1.02855e+01
1.16087   1.02356e+01
1.16522   1.01944e+01
1.16957   1.01604e+01
1.17391   1.01324e+01
1.17826   1.01093e+01
1.18261   1.00902e+01
1.18696   1.00744e+01
1.19130   1.00614e+01
1.19565   1.00507e+01
1.20000   1.00418e+01
1.20435   1.00345e+01
1.20870   1.00285e+01
1.21304   1.00235e+01
1.21739   1.00194e+01
1.22174   1.00160e+01
1.22609   1.00132e+01
1.23043   1.00109e+01
1.23478   1.00090e+01
1.23913   1.00074e+01
1.24348   1.00061e+01
1.24783   1.00051e+01
1.25217   1.00042e+01
1.25652   1.00034e+01
1.26087   1.00028e+01
1.26522   1.00023e+01
1.26957   1.00019e+01
1.27391   1.00016e+01
1.27826   1.00013e+01
1.28261   1.00011e+01
1.28696   1.00009e+01
1.29130   1.00007e+01
1.29565   1.00006e+01
1.30000   1.00005e+01