300
0.00000   5.26700e+19
0.00435   5.20847e+19
0.00870   5.07886e+19
0.01304   4.99944e+19
0.01739   4.91975e+19
0.02174   4.84778e+19
0.02609   4.78162e+19
0.03043   4.71940e+19
0.03478   4.65977e+19
0.03913   4.60132e+19
0.04348   4.54619e+19
0.04783   4.49292e+19
0.05217   4.44269e+19
0.05652   4.39439e+19
0.06087   4.34804e+19
0.06522   4.30366e+19
0.06957   4.26092e+19
0.07391   4.22003e+19
0.07826   4.18076e+19
0.08261   4.14288e+19
0.08696   4.10634e+19
0.09130   4.07112e+19
0.09565   4.03717e+19
0.10000   4.00471e+19
0.10435   3.97319e+19
0.10870   3.94275e+19
0.11304   3.91340e+19
0.11739   3.88499e+19
0.12174   3.85773e+19
0.12609   3.83139e+19
0.13043   3.80588e+19
0.13478   3.78120e+19
0.13913   3.75734e+19
0.14348   3.73421e+19
0.14783   3.71194e+19
0.15217   3.69048e+19
0.15652   3.66970e+19
0.16087   3.64954e+19
0.16522   3.63002e+19
0.16957   3.61124e+19
0.17391   3.59305e+19
0.17826   3.57542e+19
0.18261   3.55835e+19
0.18696   3.54200e+19
0.19130   3.52613e+19
0.19565   3.51072e+19
0.20000   3.49584e+19
0.20435   3.48156e+19
0.20870   3.46770e+19
0.21304   3.45424e+19
0.21739   3.44135e+19
0.22174   3.42893e+19
0.22609   3.41687e+19
0.23043   3.40521e+19
0.23478   3.39407e+19
0.23913   3.38325e+19
0.24348   3.37275e+19
0.24783   3.36279e+19
0.25217   3.35315e+19
0.25652   3.34380e+19
0.26087   3.33489e+19
0.26522   3.32630e+19
0.26957   3.31798e+19
0.27391   3.31004e+19
0.27826   3.30244e+19
0.28261   3.29507e+19
0.28696   3.28806e+19
0.29130   3.28136e+19
0.29565   3.27489e+19
0.30000   3.26873e+19
0.30435   3.26286e+19
0.30870   3.25719e+19
0.31304   3.25182e+19
0.31739   3.24673e+19
0.32174   3.24181e+19
0.32609   3.23719e+19
0.33043   3.23280e+19
0.33478   3.22857e+19
0.33913   3.22462e+19
0.34348   3.22088e+19
0.34783   3.21728e+19
0.35217   3.21397e+19
0.35652   3.21081e+19
0.36087   3.20780e+19
0.36522   3.20506e+19
0.36957   3.20244e+19
0.37391   3.19996e+19
0.37826   3.19772e+19
0.38261   3.19559e+19
0.38696   3.19360e+19
0.39130   3.19181e+19
0.39565   3.19011e+19
0.40000   3.18856e+19
0.40435   3.18716e+19
0.40870   3.18585e+19
0.41304   3.18468e+19
0.41739   3.18363e+19
0.42174   3.18265e+19
0.42609   3.18180e+19
0.43043   3.18104e+19
0.43478   3.18034e+19
0.43913   3.17976e+19
0.44348   3.17924e+19
0.44783   3.17878e+19
0.45217   3.17841e+19
0.45652   3.17808e+19
0.46087   3.17779e+19
0.46522   3.17757e+19
0.46957   3.17738e+19
0.47391   3.17722e+19
0.47826   3.17709e+19
0.48261   3.17697e+19
0.48696   3.17687e+19
0.49130   3.17678e+19
0.49565   3.17669e+19
0.50000   3.17659e+19
0.50435   3.17648e+19
0.50870   3.17635e+19
0.51304   3.17619e+19
0.51739   3.17600e+19
0.52174   3.17577e+19
0.52609   3.17550e+19
0.53043   3.17515e+19
0.53478   3.17477e+19
0.53913   3.17431e+19
0.54348   3.17376e+19
0.54783   3.17315e+19
0.55217   3.17244e+19
0.55652   3.17162e+19
0.56087   3.17072e+19
0.56522   3.16971e+19
0.56957   3.16855e+19
0.57391   3.16729e+19
0.57826   3.16591e+19
0.58261   3.16434e+19
0.58696   3.16266e+19
0.59130   3.16085e+19
0.59565   3.15881e+19
0.60000   3.15663e+19
0.60435   3.15431e+19
0.60870   3.15176e+19
0.61304   3.14902e+19
0.61739   3.14612e+19
0.62174   3.14301e+19
0.62609   3.13964e+19
0.63043   3.13609e+19
0.63478   3.13236e+19
0.63913   3.12832e+19
0.64348   3.12406e+19
0.64783   3.11960e+19
0.65217   3.11488e+19
0.65652   3.10986e+19
0.66087   3.10462e+19
0.66522   3.09916e+19
0.66957   3.09335e+19
0.67391   3.08728e+19
0.67826   3.08097e+19
0.68261   3.07440e+19
0.68696   3.06747e+19
0.69130   3.06027e+19
0.69565   3.05282e+19
0.70000   3.04509e+19
0.70435   3.03699e+19
0.70870   3.02863e+19
0.71304   3.02000e+19
0.71739   3.01109e+19
0.72174   3.00180e+19
0.72609   2.99224e+19
0.73043   2.98242e+19
0.73478   2.97235e+19
0.73913   2.96190e+19
0.74348   2.95117e+19
0.74783   2.94019e+19
0.75217   2.92895e+19
0.75652   2.91744e+19
0.76087   2.90561e+19
0.76522   2.89355e+19
0.76957   2.88126e+19
0.77391   2.86875e+19
0.77826   2.85598e+19
0.78261   2.84298e+19
0.78696   2.82980e+19
0.79130   2.81642e+19
0.79565   2.80285e+19
0.80000   2.78914e+19
0.80435   2.77531e+19
0.80870   2.76128e+19
0.81304   2.74717e+19
0.81739   2.73298e+19
0.82174   2.71872e+19
0.82609   2.70438e+19
0.83043   2.69003e+19
0.83478   2.67567e+19
0.83913   2.66129e+19
0.84348   2.64695e+19
0.84783   2.63264e+19
0.85217   2.61837e+19
0.85652   2.60417e+19
0.86087   2.59002e+19
0.86522   2.57590e+19
0.86957   2.56182e+19
0.87391   2.54773e+19
0.87826   2.53354e+19
0.88261   2.51921e+19
0.88696   2.50453e+19
0.89130   2.48937e+19
0.89565   2.47348e+19
0.90000   2.45648e+19
0.90435   2.43796e+19
0.90870   2.41727e+19
0.91304   2.39366e+19
0.91739   2.36613e+19
0.92174   2.33342e+19
0.92609   2.29406e+19
0.93043   2.24622e+19
0.93478   2.18796e+19
0.93913   2.11715e+19
0.94348   2.03190e+19
0.94783   1.93064e+19
0.95217   1.81285e+19
0.95652   1.67930e+19
0.96087   1.53270e+19
0.96522   1.37752e+19
0.96957   1.21970e+19
0.97391   1.06598e+19
0.97826   9.22207e+18
0.98261   7.96051e+18
0.98696   6.87195e+18
0.99130   5.94222e+18
0.99565   5.14814e+18
1.00000   4.46994e+18
1.00435   3.89068e+18
1.00870   3.39595e+18
1.01304   2.97340e+18
1.01739   2.61251e+18
1.02174   2.30427e+18
1.02609   2.04101e+18
1.03043   1.81616e+18
1.03478   1.62412e+18
1.03913   1.46010e+18
1.04348   1.32001e+18
1.04783   1.20037e+18
1.05217   1.09818e+18
1.05652   1.01090e+18
1.06087   9.36351e+17
1.06522   8.72683e+17
1.06957   8.18305e+17
1.07391   7.71861e+17
1.07826   7.32194e+17
1.08261   6.98315e+17
1.08696   6.69379e+17
1.09130   6.44665e+17
1.09565   6.23557e+17
1.10000   6.05529e+17
1.10435   5.90131e+17
1.10870   5.76980e+17
1.11304   5.65748e+17
1.11739   5.56155e+17
1.12174   5.47961e+17
1.12609   5.40963e+17
1.13043   5.34986e+17
1.13478   5.29881e+17
1.13913   5.25521e+17
1.14348   5.21798e+17
1.14783   5.18617e+17
1.15217   5.15901e+17
1.15652   5.13581e+17
1.16087   5.11599e+17
1.16522   5.09907e+17
1.16957   5.08461e+17
1.17391   5.07227e+17
1.17826   5.06172e+17
1.18261   5.05272e+17
1.18696   5.04502e+17
1.19130   5.03845e+17
1.19565   5.03284e+17
1.20000   5.02805e+17
1.20435   5.02396e+17
1.20870   5.02046e+17
1.21304   5.01748e+17
1.21739   5.01493e+17
1.22174   5.01275e+17
1.22609   5.01089e+17
1.23043   5.00930e+17
1.23478   5.00794e+17
1.23913   5.00678e+17
1.24348   5.00579e+17
1.24783   5.00495e+17
1.25217   5.00423e+17
1.25652   5.00361e+17
1.26087   5.00308e+17
1.26522   5.00263e+17
1.26957   5.00225e+17
1.27391   5.00192e+17
1.27826   5.00164e+17
1.28261   5.00140e+17
1.28696   5.00120e+17
1.29130   5.00102e+17
1.29565   5.00087e+17
1.30000   5.00075e+17
