18
    1.774193548387e+00      -8.568110436259e-01
    1.774193548387e+00      -4.095242931485e-01
    1.774193548387e+00       2.299848624927e-01
    1.774193548387e+00       8.129032258065e-01
    2.016129032258e+00       1.422580645161e+00
    2.364516129032e+00       1.422580645161e+00
    3.032258064516e+00       1.422580645161e+00
    3.651612903226e+00       1.011290322581e+00
    3.927419354839e+00       7.016129032258e-01
    3.927419354839e+00       4.354838709677e-02
    3.927419354839e+00      -6.145161290323e-01
    3.670967741935e+00      -1.170967741935e+00
    3.250000000000e+00      -1.437096774194e+00
    2.674193548387e+00      -1.437096774194e+00
    2.195161290323e+00      -1.437096774194e+00
    1.774193548387e+00      -1.045161290323e+00
    1.774193548387e+00      -1.049033448790e+00
    1.774193548387e+00      -8.568110436259e-01
