     201
    0.000000000000e+00     3.793256149632e+03
    5.000000000000e-03     3.793256149717e+03
    1.000000000000e-02     3.793256149395e+03
    1.500000000000e-02     3.793256149571e+03
    2.000000000000e-02     3.793256147319e+03
    2.500000000000e-02     3.793256107234e+03
    3.000000000000e-02     3.793255720153e+03
    3.500000000000e-02     3.793253348048e+03
    4.000000000000e-02     3.793243028462e+03
    4.500000000000e-02     3.793207987881e+03
    5.000000000000e-02     3.793111293247e+03
    5.500000000000e-02     3.792882298721e+03
    6.000000000000e-02     3.792410819520e+03
    6.500000000000e-02     3.791529779623e+03
    7.000000000000e-02     3.790036634230e+03
    7.500000000000e-02     3.787667072200e+03
    8.000000000000e-02     3.784162022614e+03
    8.500000000000e-02     3.779244134642e+03
    9.000000000000e-02     3.772624628639e+03
    9.500000000000e-02     3.764134155406e+03
    1.000000000000e-01     3.753493840070e+03
    1.050000000000e-01     3.740675500996e+03
    1.100000000000e-01     3.725568248464e+03
    1.150000000000e-01     3.708110139699e+03
    1.200000000000e-01     3.688490925698e+03
    1.250000000000e-01     3.666652266468e+03
    1.300000000000e-01     3.642741680860e+03
    1.350000000000e-01     3.617096097877e+03
    1.400000000000e-01     3.589607763872e+03
    1.450000000000e-01     3.560639133513e+03
    1.500000000000e-01     3.530484574377e+03
    1.550000000000e-01     3.499057775408e+03
    1.600000000000e-01     3.466700998230e+03
    1.650000000000e-01     3.433730385503e+03
    1.700000000000e-01     3.400047518741e+03
    1.750000000000e-01     3.365851866841e+03
    1.800000000000e-01     3.331509368309e+03
    1.850000000000e-01     3.296971745295e+03
    1.900000000000e-01     3.262148053140e+03
    1.950000000000e-01     3.227501036166e+03
    2.000000000000e-01     3.193085182712e+03
    2.050000000000e-01     3.158500259963e+03
    2.100000000000e-01     3.124265968895e+03
    2.150000000000e-01     3.090461748206e+03
    2.200000000000e-01     3.056810523771e+03
    2.250000000000e-01     3.023419625610e+03
    2.300000000000e-01     2.990554198336e+03
    2.350000000000e-01     2.958172587208e+03
    2.400000000000e-01     2.925875214927e+03
    2.450000000000e-01     2.894121684371e+03
    2.500000000000e-01     2.862936896977e+03
    2.550000000000e-01     2.832059011563e+03
    2.600000000000e-01     2.801479001960e+03
    2.650000000000e-01     2.771467248462e+03
    2.700000000000e-01     2.742015244744e+03
    2.750000000000e-01     2.712678244495e+03
    2.800000000000e-01     2.683816967881e+03
    2.850000000000e-01     2.655493928603e+03
    2.900000000000e-01     2.627619090627e+03
    2.950000000000e-01     2.599859030274e+03
    3.000000000000e-01     2.572603340978e+03
    3.050000000000e-01     2.545854305891e+03
    3.100000000000e-01     2.519404633818e+03
    3.150000000000e-01     2.493154012657e+03
    3.200000000000e-01     2.467374059452e+03
    3.250000000000e-01     2.442060839014e+03
    3.300000000000e-01     2.416926981866e+03
    3.350000000000e-01     2.392056325653e+03
    3.400000000000e-01     2.367618560838e+03
    3.450000000000e-01     2.343610502644e+03
    3.500000000000e-01     2.319691986495e+03
    3.550000000000e-01     2.296074224608e+03
    3.600000000000e-01     2.272859420685e+03
    3.650000000000e-01     2.250031040456e+03
    3.700000000000e-01     2.227241528272e+03
    3.750000000000e-01     2.204765598769e+03
    3.800000000000e-01     2.182667339337e+03
    3.850000000000e-01     2.160924452753e+03
    3.900000000000e-01     2.139173082683e+03
    3.950000000000e-01     2.117749626428e+03
    4.000000000000e-01     2.096671212877e+03
    4.050000000000e-01     2.075913086903e+03
    4.100000000000e-01     2.055143907388e+03
    4.150000000000e-01     2.034683725494e+03
    4.200000000000e-01     2.014552375842e+03
    4.250000000000e-01     1.994702638606e+03
    4.300000000000e-01     1.974846243048e+03
    4.350000000000e-01     1.955284729660e+03
    4.400000000000e-01     1.936025502764e+03
    4.450000000000e-01     1.917043686805e+03
    4.500000000000e-01     1.898021986146e+03
    4.550000000000e-01     1.879291285217e+03
    4.600000000000e-01     1.860846924189e+03
    4.650000000000e-01     1.842652965800e+03
    4.700000000000e-01     1.824438823096e+03
    4.750000000000e-01     1.806489013590e+03
    4.800000000000e-01     1.788813534592e+03
    4.850000000000e-01     1.771370798969e+03
    4.900000000000e-01     1.753913465259e+03
    4.950000000000e-01     1.736708736205e+03
    5.000000000000e-01     1.719763591575e+03
    5.050000000000e-01     1.703059905989e+03
    5.100000000000e-01     1.686320637398e+03
    5.150000000000e-01     1.669835545604e+03
    5.200000000000e-01     1.653604667035e+03
    5.250000000000e-01     1.637613065205e+03
    5.300000000000e-01     1.621604997564e+03
    5.350000000000e-01     1.605842013174e+03
    5.400000000000e-01     1.590337856856e+03
    5.450000000000e-01     1.575070759795e+03
    5.500000000000e-01     1.559821591218e+03
    5.550000000000e-01     1.544817343613e+03
    5.600000000000e-01     1.530083248416e+03
    5.650000000000e-01     1.515606421389e+03
    5.700000000000e-01     1.501167324170e+03
    5.750000000000e-01     1.486999392275e+03
    5.800000000000e-01     1.473119825816e+03
    5.850000000000e-01     1.459533619670e+03
    5.900000000000e-01     1.446017426164e+03
    5.950000000000e-01     1.432806180765e+03
    6.000000000000e-01     1.419917089811e+03
    6.050000000000e-01     1.407354538621e+03
    6.100000000000e-01     1.394939238057e+03
    6.150000000000e-01     1.382859115279e+03
    6.200000000000e-01     1.371153800908e+03
    6.250000000000e-01     1.359818315733e+03
    6.300000000000e-01     1.348697724512e+03
    6.350000000000e-01     1.337974014973e+03
    6.400000000000e-01     1.327671031242e+03
    6.450000000000e-01     1.317795323057e+03
    6.500000000000e-01     1.308203679800e+03
    6.550000000000e-01     1.299064488536e+03
    6.600000000000e-01     1.290390557013e+03
    6.650000000000e-01     1.282191745809e+03
    6.700000000000e-01     1.274352792207e+03
    6.750000000000e-01     1.266994646325e+03
    6.800000000000e-01     1.260144209848e+03
    6.850000000000e-01     1.253778505677e+03
    6.900000000000e-01     1.247813140760e+03
    6.950000000000e-01     1.242347825391e+03
    7.000000000000e-01     1.237366516508e+03
    7.050000000000e-01     1.232858809512e+03
    7.100000000000e-01     1.228748549068e+03
    7.150000000000e-01     1.225086080796e+03
    7.200000000000e-01     1.221860444224e+03
    7.250000000000e-01     1.219031343880e+03
    7.300000000000e-01     1.216544291292e+03
    7.350000000000e-01     1.214419562692e+03
    7.400000000000e-01     1.212617087405e+03
    7.450000000000e-01     1.211106633122e+03
    7.500000000000e-01     1.209841592900e+03
    7.550000000000e-01     1.208810556303e+03
    7.600000000000e-01     1.207986068771e+03
    7.650000000000e-01     1.207329456655e+03
    7.700000000000e-01     1.206814060831e+03
    7.750000000000e-01     1.206420573340e+03
    7.800000000000e-01     1.206125381376e+03
    7.850000000000e-01     1.205907662588e+03
    7.900000000000e-01     1.205748557919e+03
    7.950000000000e-01     1.205637506206e+03
    8.000000000000e-01     1.205560641350e+03
    8.050000000000e-01     1.205508804329e+03
    8.100000000000e-01     1.205474562659e+03
    8.150000000000e-01     1.205452817625e+03
    8.200000000000e-01     1.205439377067e+03
    8.250000000000e-01     1.205431199498e+03
    8.300000000000e-01     1.205426450813e+03
    8.350000000000e-01     1.205423768212e+03
    8.400000000000e-01     1.205422323505e+03
    8.450000000000e-01     1.205421550153e+03
    8.500000000000e-01     1.205421165754e+03
    8.550000000000e-01     1.205420977933e+03
    8.600000000000e-01     1.205420892099e+03
    8.650000000000e-01     1.205420852963e+03
    8.700000000000e-01     1.205420836776e+03
    8.750000000000e-01     1.205420830164e+03
    8.800000000000e-01     1.205420827629e+03
    8.850000000000e-01     1.205420826660e+03
    8.900000000000e-01     1.205420826414e+03
    8.950000000000e-01     1.205420826400e+03
    9.000000000000e-01     1.205420826360e+03
    9.050000000000e-01     1.205420826306e+03
    9.100000000000e-01     1.205420826283e+03
    9.150000000000e-01     1.205420826284e+03
    9.200000000000e-01     1.205420826276e+03
    9.250000000000e-01     1.205420826254e+03
    9.300000000000e-01     1.205420826239e+03
    9.350000000000e-01     1.205420826300e+03
    9.400000000000e-01     1.205420826344e+03
    9.450000000000e-01     1.205420826331e+03
    9.500000000000e-01     1.205420826299e+03
    9.550000000000e-01     1.205420826281e+03
    9.600000000000e-01     1.205420826281e+03
    9.650000000000e-01     1.205420826281e+03
    9.700000000000e-01     1.205420826279e+03
    9.750000000000e-01     1.205420826282e+03
    9.800000000000e-01     1.205420826287e+03
    9.850000000000e-01     1.205420826285e+03
    9.900000000000e-01     1.205420826270e+03
    9.950000000000e-01     1.205420826257e+03
    1.000000000000e+00     1.205420826262e+03
      -1
