     201
    0.000000000000e+00     3.881103167729e+17
    5.000000000000e-03     3.881103167757e+17
    1.000000000000e-02     3.881103167651e+17
    1.500000000000e-02     3.881103167709e+17
    2.000000000000e-02     3.881103166970e+17
    2.500000000000e-02     3.881103153812e+17
    3.000000000000e-02     3.881103026758e+17
    3.500000000000e-02     3.881102248140e+17
    4.000000000000e-02     3.881098860847e+17
    4.500000000000e-02     3.881087359106e+17
    5.000000000000e-02     3.881055619626e+17
    5.500000000000e-02     3.880980451235e+17
    6.000000000000e-02     3.880825676562e+17
    6.500000000000e-02     3.880536418460e+17
    7.000000000000e-02     3.880046093006e+17
    7.500000000000e-02     3.879267696275e+17
    8.000000000000e-02     3.878115684838e+17
    8.500000000000e-02     3.876498098746e+17
    9.000000000000e-02     3.874318541320e+17
    9.500000000000e-02     3.871519146579e+17
    1.000000000000e-01     3.868004872294e+17
    1.050000000000e-01     3.863762239432e+17
    1.100000000000e-01     3.858749307310e+17
    1.150000000000e-01     3.852939071649e+17
    1.200000000000e-01     3.846387417130e+17
    1.250000000000e-01     3.839066843501e+17
    1.300000000000e-01     3.831017345470e+17
    1.350000000000e-01     3.822344086243e+17
    1.400000000000e-01     3.813000863307e+17
    1.450000000000e-01     3.803102129475e+17
    1.500000000000e-01     3.792739347788e+17
    1.550000000000e-01     3.781875569362e+17
    1.600000000000e-01     3.770621098050e+17
    1.650000000000e-01     3.759078821950e+17
    1.700000000000e-01     3.747209386229e+17
    1.750000000000e-01     3.735077409423e+17
    1.800000000000e-01     3.722808846340e+17
    1.850000000000e-01     3.710383644466e+17
    1.900000000000e-01     3.697765700975e+17
    1.950000000000e-01     3.685120590599e+17
    2.000000000000e-01     3.672468186856e+17
    2.050000000000e-01     3.659660001627e+17
    2.100000000000e-01     3.646887518425e+17
    2.150000000000e-01     3.634181963958e+17
    2.200000000000e-01     3.621439963215e+17
    2.250000000000e-01     3.608702215800e+17
    2.300000000000e-01     3.596070647007e+17
    2.350000000000e-01     3.583532356021e+17
    2.400000000000e-01     3.570933861956e+17
    2.450000000000e-01     3.558455531222e+17
    2.500000000000e-01     3.546109204823e+17
    2.550000000000e-01     3.533793961324e+17
    2.600000000000e-01     3.521507958480e+17
    2.650000000000e-01     3.509361053941e+17
    2.700000000000e-01     3.497353166554e+17
    2.750000000000e-01     3.485305683144e+17
    2.800000000000e-01     3.473365882804e+17
    2.850000000000e-01     3.461564144358e+17
    2.900000000000e-01     3.449865572268e+17
    2.950000000000e-01     3.438130525086e+17
    3.000000000000e-01     3.426526668427e+17
    3.050000000000e-01     3.415055600854e+17
    3.100000000000e-01     3.403633635317e+17
    3.150000000000e-01     3.392215292839e+17
    3.200000000000e-01     3.380923335652e+17
    3.250000000000e-01     3.369756259555e+17
    3.300000000000e-01     3.358591698922e+17
    3.350000000000e-01     3.347464596824e+17
    3.400000000000e-01     3.336455794235e+17
    3.450000000000e-01     3.325563906827e+17
    3.500000000000e-01     3.314637953717e+17
    3.550000000000e-01     3.303773501293e+17
    3.600000000000e-01     3.293020406073e+17
    3.650000000000e-01     3.282373653921e+17
    3.700000000000e-01     3.271670782961e+17
    3.750000000000e-01     3.261043198042e+17
    3.800000000000e-01     3.250520986175e+17
    3.850000000000e-01     3.240097789174e+17
    3.900000000000e-01     3.229599192911e+17
    3.950000000000e-01     3.219187064276e+17
    4.000000000000e-01     3.208873462592e+17
    4.050000000000e-01     3.198646790415e+17
    4.100000000000e-01     3.188345038051e+17
    4.150000000000e-01     3.178128041431e+17
    4.200000000000e-01     3.168005518475e+17
    4.250000000000e-01     3.157957826668e+17
    4.300000000000e-01     3.147839048233e+17
    4.350000000000e-01     3.137801680496e+17
    4.400000000000e-01     3.127853288621e+17
    4.450000000000e-01     3.117982450730e+17
    4.500000000000e-01     3.108023097652e+17
    4.550000000000e-01     3.098150378156e+17
    4.600000000000e-01     3.088363180369e+17
    4.650000000000e-01     3.078643307369e+17
    4.700000000000e-01     3.068847760866e+17
    4.750000000000e-01     3.059129392720e+17
    4.800000000000e-01     3.049494399487e+17
    4.850000000000e-01     3.039923237564e+17
    4.900000000000e-01     3.030280218416e+17
    4.950000000000e-01     3.020711631678e+17
    5.000000000000e-01     3.011224867112e+17
    5.050000000000e-01     3.001811452302e+17
    5.100000000000e-01     2.992313846649e+17
    5.150000000000e-01     2.982898070418e+17
    5.200000000000e-01     2.973566153873e+17
    5.250000000000e-01     2.964310025079e+17
    5.300000000000e-01     2.954982735690e+17
    5.350000000000e-01     2.945737527034e+17
    5.400000000000e-01     2.936583346739e+17
    5.450000000000e-01     2.927509507364e+17
    5.500000000000e-01     2.918387025244e+17
    5.550000000000e-01     2.909351656603e+17
    5.600000000000e-01     2.900420265584e+17
    5.650000000000e-01     2.891588227239e+17
    5.700000000000e-01     2.882722222398e+17
    5.750000000000e-01     2.873965387998e+17
    5.800000000000e-01     2.865332178220e+17
    5.850000000000e-01     2.856828201560e+17
    5.900000000000e-01     2.848313560701e+17
    5.950000000000e-01     2.839939080671e+17
    6.000000000000e-01     2.831718577026e+17
    6.050000000000e-01     2.823656629316e+17
    6.100000000000e-01     2.815641281848e+17
    6.150000000000e-01     2.807796153789e+17
    6.200000000000e-01     2.800149255814e+17
    6.250000000000e-01     2.792701765141e+17
    6.300000000000e-01     2.785354781672e+17
    6.350000000000e-01     2.778230419600e+17
    6.400000000000e-01     2.771349074327e+17
    6.450000000000e-01     2.764719289957e+17
    6.500000000000e-01     2.758247433569e+17
    6.550000000000e-01     2.752050911175e+17
    6.600000000000e-01     2.746142675365e+17
    6.650000000000e-01     2.740532824302e+17
    6.700000000000e-01     2.735146515314e+17
    6.750000000000e-01     2.730070277143e+17
    6.800000000000e-01     2.725325914342e+17
    6.850000000000e-01     2.720901711439e+17
    6.900000000000e-01     2.716741948180e+17
    6.950000000000e-01     2.712918838467e+17
    7.000000000000e-01     2.709424461077e+17
    7.050000000000e-01     2.706254044282e+17
    7.100000000000e-01     2.703356251733e+17
    7.150000000000e-01     2.700768677943e+17
    7.200000000000e-01     2.698485312177e+17
    7.250000000000e-01     2.696479296685e+17
    7.300000000000e-01     2.694713218476e+17
    7.350000000000e-01     2.693202457426e+17
    7.400000000000e-01     2.691919441650e+17
    7.450000000000e-01     2.690843282602e+17
    7.500000000000e-01     2.689941273211e+17
    7.550000000000e-01     2.689205644922e+17
    7.600000000000e-01     2.688617074449e+17
    7.650000000000e-01     2.688148151483e+17
    7.700000000000e-01     2.687779956290e+17
    7.750000000000e-01     2.687498779921e+17
    7.800000000000e-01     2.687287802283e+17
    7.850000000000e-01     2.687132173036e+17
    7.900000000000e-01     2.687018430298e+17
    7.950000000000e-01     2.686939034081e+17
    8.000000000000e-01     2.686884076836e+17
    8.050000000000e-01     2.686847012767e+17
    8.100000000000e-01     2.686822528985e+17
    8.150000000000e-01     2.686806980413e+17
    8.200000000000e-01     2.686797369779e+17
    8.250000000000e-01     2.686791522394e+17
    8.300000000000e-01     2.686788126827e+17
    8.350000000000e-01     2.686786208618e+17
    8.400000000000e-01     2.686785175570e+17
    8.450000000000e-01     2.686784622580e+17
    8.500000000000e-01     2.686784347712e+17
    8.550000000000e-01     2.686784213410e+17
    8.600000000000e-01     2.686784152034e+17
    8.650000000000e-01     2.686784124049e+17
    8.700000000000e-01     2.686784112474e+17
    8.750000000000e-01     2.686784107746e+17
    8.800000000000e-01     2.686784105934e+17
    8.850000000000e-01     2.686784105241e+17
    8.900000000000e-01     2.686784105065e+17
    8.950000000000e-01     2.686784105055e+17
    9.000000000000e-01     2.686784105026e+17
    9.050000000000e-01     2.686784104988e+17
    9.100000000000e-01     2.686784104971e+17
    9.150000000000e-01     2.686784104972e+17
    9.200000000000e-01     2.686784104966e+17
    9.250000000000e-01     2.686784104951e+17
    9.300000000000e-01     2.686784104940e+17
    9.350000000000e-01     2.686784104983e+17
    9.400000000000e-01     2.686784105015e+17
    9.450000000000e-01     2.686784105006e+17
    9.500000000000e-01     2.686784104983e+17
    9.550000000000e-01     2.686784104970e+17
    9.600000000000e-01     2.686784104970e+17
    9.650000000000e-01     2.686784104970e+17
    9.700000000000e-01     2.686784104969e+17
    9.750000000000e-01     2.686784104970e+17
    9.800000000000e-01     2.686784104974e+17
    9.850000000000e-01     2.686784104973e+17
    9.900000000000e-01     2.686784104962e+17
    9.950000000000e-01     2.686784104953e+17
    1.000000000000e+00     2.686784104956e+17
      -1
