141
    0.000000000000e+00       1.091715348812e-02
    1.312290431789e-03       1.102015778766e-02
    3.032043834990e-03       1.106996872710e-02
    5.356382255851e-03       1.111874363884e-02
    8.386980317259e-03       1.115662930601e-02
    1.213694644746e-02       1.119136084045e-02
    1.656456478442e-02       1.122583137362e-02
    2.168295882366e-02       1.125806333778e-02
    2.749043535917e-02       1.128771828452e-02
    3.397418690623e-02       1.131328981066e-02
    4.112489349003e-02       1.133432461183e-02
    4.892912970607e-02       1.135144217099e-02
    5.737022284354e-02       1.136398021603e-02
    6.642944787561e-02       1.137216435615e-02
    7.608608172648e-02       1.137489130849e-02
    8.631649674313e-02       1.137194533731e-02
    9.709541185234e-02       1.136324661472e-02
    1.083964006695e-01       1.134908176200e-02
    1.201927560264e-01       1.133005025246e-02
    1.324588041768e-01       1.130606644588e-02
    1.451697345612e-01       1.127758608365e-02
    1.583029219997e-01       1.124342576093e-02
    1.718371795724e-01       1.120322799589e-02
    1.857535085809e-01       1.115658903588e-02
    2.000348464238e-01       1.108748648367e-02
    2.146448119895e-01       1.038827849768e-02
    2.287118916253e-01       9.712028266831e-03
    2.421969885885e-01       9.067838337490e-03
    2.550818746783e-01       8.456818971065e-03
    2.673577432821e-01       7.879643841739e-03
    2.790237245321e-01       7.336348917563e-03
    2.900854668577e-01       6.826349921305e-03
    3.005534892948e-01       6.381708540844e-03
    3.104940521860e-01       6.317714786184e-03
    3.204832144246e-01       6.255168731684e-03
    3.305198543274e-01       6.193378918011e-03
    3.406018579428e-01       6.132437684546e-03
    3.507268480010e-01       6.072227062361e-03
    3.608920473340e-01       6.012551293608e-03
    3.710943778954e-01       5.953275821334e-03
    3.813300875713e-01       5.894208819856e-03
    3.915949801251e-01       5.835206889907e-03
    4.018846064752e-01       5.776152440422e-03
    4.121939618745e-01       5.717147175531e-03
    4.225181914535e-01       5.658240746291e-03
    4.328525523978e-01       5.599354031213e-03
    4.431919461187e-01       5.540825667992e-03
    4.535319021609e-01       5.482806436642e-03
    4.638683219366e-01       5.425472886680e-03
    4.741973231860e-01       5.369360344000e-03
    4.845161857931e-01       5.314797396679e-03
    4.948230192250e-01       5.261949004859e-03
    5.051161964793e-01       5.211287476789e-03
    5.153952776188e-01       5.162745352455e-03
    5.256598153307e-01       5.116104521573e-03
    5.359092117766e-01       5.071176412931e-03
    5.461423482477e-01       5.027645776463e-03
    5.563579720746e-01       4.985353640034e-03
    5.665544697724e-01       4.943919919036e-03
    5.767295251950e-01       4.903173306136e-03
    5.868805669448e-01       4.862953654230e-03
    5.970049442626e-01       4.823026530579e-03
    6.070995337532e-01       4.807795477840e-03
    6.172127677776e-01       4.800240284481e-03
    6.273580688275e-01       4.792534798606e-03
    6.375325031401e-01       4.784642228495e-03
    6.477330855320e-01       4.776738141836e-03
    6.579572031838e-01       4.768961292619e-03
    6.682025245216e-01       4.761327844899e-03
    6.784667834287e-01       4.753968889796e-03
    6.887480238359e-01       4.746879243192e-03
    6.990443242262e-01       4.740032909066e-03
    7.093537556429e-01       4.733467958271e-03
    7.196745457841e-01       4.727152779530e-03
    7.300049392989e-01       4.721039452162e-03
    7.403430746465e-01       4.715059490986e-03
    7.506869687273e-01       4.709144355772e-03
    7.610346305279e-01       4.703318544095e-03
    7.713841634018e-01       4.697298092570e-03
    7.817330172434e-01       4.690655992991e-03
    7.920777170501e-01       4.683360626928e-03
    8.024154446041e-01       4.675406463850e-03
    8.127432072076e-01       4.666427490873e-03
    8.230572026813e-01       4.655900155266e-03
    8.333523362344e-01       4.643132781764e-03
    8.436217717971e-01       4.627261609694e-03
    8.538566975333e-01       4.607572637734e-03
    8.640475826177e-01       4.582995411854e-03
    8.741843386304e-01       4.551973316933e-03
    8.842539470252e-01       4.511790999397e-03
    8.942375173526e-01       4.459036578469e-03
    9.041083318927e-01       4.389562542837e-03
    9.138274802107e-01       4.299909273030e-03
    9.233493363672e-01       4.191122218525e-03
    9.326297009022e-01       4.055767547333e-03
    9.416190585051e-01       3.904251113623e-03
    9.503154942628e-01       3.740968709517e-03
    9.587237976871e-01       3.540325616006e-03
    9.667801269517e-01       3.312925449142e-03
    9.744316145615e-01       3.069232148163e-03
    9.816120130679e-01       2.826087700240e-03
    9.882790844614e-01       2.587134925364e-03
    9.944100273797e-01       2.355243241825e-03
    1.000000000000e+00       2.157183896397e-03
    1.005115739669e+00       2.015043822076e-03
    1.009882695878e+00       1.846149272386e-03
    1.014232134806e+00       1.680255353458e-03
    1.018176103795e+00       1.527406361777e-03
    1.021749981538e+00       1.392837879835e-03
    1.025000573776e+00       1.300000000000e-03
    1.028026922117e+00       1.300000000000e-03
    1.031047617319e+00       1.300000000000e-03
    1.034063005125e+00       1.300000000000e-03
    1.037072953076e+00       1.300000000000e-03
    1.040079030498e+00       1.300000000000e-03
    1.043081078283e+00       1.300000000000e-03
    1.046079912403e+00       1.300000000000e-03
    1.049076491778e+00       1.300000000000e-03
    1.052070527529e+00       1.300000000000e-03
    1.055063104808e+00       1.300000000000e-03
    1.058053919556e+00       1.300000000000e-03
    1.061042435729e+00       1.300000000000e-03
    1.064029137302e+00       1.300000000000e-03
    1.067013272235e+00       1.300000000000e-03
    1.069994945989e+00       1.300000000000e-03
    1.072974354192e+00       1.382741813048e-03
    1.076139725285e+00       1.626101923217e-03
    1.079858203483e+00       1.925039704136e-03
    1.084253875941e+00       2.294573348553e-03
    1.089483584274e+00       2.751057644466e-03
    1.095738021609e+00       3.306332994359e-03
    1.103233306504e+00       3.904619765973e-03
    1.112054759788e+00       4.546001537851e-03
    1.122285659119e+00       5.291952206473e-03
    1.134143157515e+00       6.159367993796e-03
    1.147875264535e+00       7.167754833539e-03
    1.163759982508e+00       8.339399214025e-03
    1.182108479788e+00       9.699772453834e-03
    1.203268124189e+00       1.095798763745e-02
    1.226934977890e+00       1.099746223633e-02
    1.234610748232e+00       1.101035630355e-02
