141
    0.000000000000e+00
    1.312290431789e-03
    3.032043834990e-03
    5.356382255851e-03
    8.386980317259e-03
    1.213694644746e-02
    1.656456478442e-02
    2.168295882366e-02
    2.749043535917e-02
    3.397418690623e-02
    4.112489349003e-02
    4.892912970607e-02
    5.737022284354e-02
    6.642944787561e-02
    7.608608172648e-02
    8.631649674313e-02
    9.709541185234e-02
    1.083964006695e-01
    1.201927560264e-01
    1.324588041768e-01
    1.451697345612e-01
    1.583029219997e-01
    1.718371795724e-01
    1.857535085809e-01
    2.000348464238e-01
    2.146448119895e-01
    2.287118916253e-01
    2.421969885885e-01
    2.550818746783e-01
    2.673577432821e-01
    2.790237245321e-01
    2.900854668577e-01
    3.005534892948e-01
    3.104940521860e-01
    3.204832144246e-01
    3.305198543274e-01
    3.406018579428e-01
    3.507268480010e-01
    3.608920473340e-01
    3.710943778954e-01
    3.813300875713e-01
    3.915949801251e-01
    4.018846064752e-01
    4.121939618745e-01
    4.225181914535e-01
    4.328525523978e-01
    4.431919461187e-01
    4.535319021609e-01
    4.638683219366e-01
    4.741973231860e-01
    4.845161857931e-01
    4.948230192250e-01
    5.051161964793e-01
    5.153952776188e-01
    5.256598153307e-01
    5.359092117766e-01
    5.461423482477e-01
    5.563579720746e-01
    5.665544697724e-01
    5.767295251950e-01
    5.868805669448e-01
    5.970049442626e-01
    6.070995337532e-01
    6.172127677776e-01
    6.273580688275e-01
    6.375325031401e-01
    6.477330855320e-01
    6.579572031838e-01
    6.682025245216e-01
    6.784667834287e-01
    6.887480238359e-01
    6.990443242262e-01
    7.093537556429e-01
    7.196745457841e-01
    7.300049392989e-01
    7.403430746465e-01
    7.506869687273e-01
    7.610346305279e-01
    7.713841634018e-01
    7.817330172434e-01
    7.920777170501e-01
    8.024154446041e-01
    8.127432072076e-01
    8.230572026813e-01
    8.333523362344e-01
    8.436217717971e-01
    8.538566975333e-01
    8.640475826177e-01
    8.741843386304e-01
    8.842539470252e-01
    8.942375173526e-01
    9.041083318927e-01
    9.138274802107e-01
    9.233493363672e-01
    9.326297009022e-01
    9.416190585051e-01
    9.503154942628e-01
    9.587237976871e-01
    9.667801269517e-01
    9.744316145615e-01
    9.816120130679e-01
    9.882790844614e-01
    9.944100273797e-01
    1.000000000000e+00
    1.005115739669e+00
    1.009882695878e+00
    1.014232134806e+00
    1.018176103795e+00
    1.021749981538e+00
    1.025000573776e+00
    1.028026922117e+00
    1.031047617319e+00
    1.034063005125e+00
    1.037072953076e+00
    1.040079030498e+00
    1.043081078283e+00
    1.046079912403e+00
    1.049076491778e+00
    1.052070527529e+00
    1.055063104808e+00
    1.058053919556e+00
    1.061042435729e+00
    1.064029137302e+00
    1.067013272235e+00
    1.069994945989e+00
    1.072974354192e+00
    1.076139725285e+00
    1.079858203483e+00
    1.084253875941e+00
    1.089483584274e+00
    1.095738021609e+00
    1.103233306504e+00
    1.112054759788e+00
    1.122285659119e+00
    1.134143157515e+00
    1.147875264535e+00
    1.163759982508e+00
    1.182108479788e+00
    1.203268124189e+00
    1.226934977890e+00
    1.234610748232e+00
