14
    1.019082352941e+00       9.846352941176e-01
    1.415590000000e+00       1.156470000000e+00
    1.602030000000e+00       1.093080000000e+00
    2.085690000000e+00       8.692660000000e-01
    2.346450000000e+00       1.986690000000e-01
    2.344620000000e+00      -4.108180000000e-01
    2.132330000000e+00      -9.458180000000e-01
    1.695495000000e+00      -1.244300000000e+00
    1.401170000000e+00      -1.244770000000e+00
    1.369540000000e+00      -1.269410000000e+00
    1.296100000000e+00      -1.358380000000e+00
    1.017500000000e+00      -1.217000000000e+00
    1.017489473684e+00      -1.153000000000e+00
    1.019082352941e+00       9.846352941176e-01
