15
    0.000000000000e+00       7.816294583557e-02
    1.977284112195e-02       8.234481263414e-02
    4.698945504434e-02       8.454637613595e-02
    8.727249372662e-02       8.657850683865e-02
    1.509444620547e-01       8.559757294649e-02
    2.558051757200e-01       7.833230434530e-02
    3.842123598548e-01       6.989990913278e-02
    5.145154227665e-01       6.246100386417e-02
    6.383167937290e-01       5.677438299934e-02
    7.522424558515e-01       5.559345204393e-02
    8.610813059809e-01       5.640432101260e-02
    9.671366121799e-01       5.725490051997e-02
    1.000000000000e+00       5.811830681503e-02
    1.028296227385e+00       5.899473331313e-02
    1.046744876055e+00       5.956616524469e-02
